    1   0.7940546399E-03
    2   0.1270381817E-02
    3   0.1470347620E-02
    4   0.1376065993E-02
    5   0.1109352553E-02
    6   0.8012611467E-03
    7   0.5315741397E-03
    8   0.3303631555E-03
    9   0.1981762314E-03
   10   0.1223012154E-03
   11   0.8632662241E-04
   12   0.7237109841E-04
   13   0.3544806690E-04
   14   0.1221463515E-03
   15   0.1972574984E-03
   16   0.9494093758E-04
   17   0.1393553567E-04
   18   0.1014115827E-04
   19   0.5679766535E-05
   20   0.2703772882E-05
   21   0.9559043980E-06
   22   0.9377702242E-06
   23   0.1954815607E-05
   24   0.2625962709E-05
   25   0.2673933644E-05
   26   0.1956141229E-05
   27   0.5279355765E-06
   28   0.1425460034E-05
   29   0.3386820546E-05
   30   0.4940023302E-05
   31   0.5726692521E-05
   32   0.5604862272E-05
   33   0.4676987676E-05
   34   0.3243806958E-05
   35   0.1739279190E-05
   36   0.9342169508E-06
   37   0.1409810372E-05
   38   0.1878942012E-05
   39   0.1994603307E-05
   40   0.1829506004E-05
   41   0.1525667780E-05
   42   0.1220944730E-05
   43   0.1014005411E-05
   44   0.9321164152E-06
   45   0.9286306210E-06
   46   0.9410785251E-06
   47   0.9329812318E-06
   48   0.8921267319E-06
   49   0.8199501317E-06
   50   0.7244362820E-06
   51   0.6162087688E-06
   52   0.5056218040E-06
   53   0.4011857454E-06
   54   0.3086626943E-06
   55   0.2310688574E-06
   56   0.1691100771E-06
   57   0.1218693169E-06
   58   0.8747651517E-07
   59   0.6366245576E-07
   60   0.4811533403E-07
   61   0.3870788631E-07
   62   0.3363228956E-07
   63   0.3147470595E-07
   64   0.3118800465E-07
   65   0.3198242117E-07
   66   0.3324824052E-07
   67   0.3451544091E-07
   68   0.3544806925E-07
   69   0.3582372555E-07
   70   0.3553202589E-07
   71   0.3454653989E-07
   72   0.3291352499E-07
   73   0.3072931356E-07
   74   0.2812389330E-07
   75   0.2523856753E-07
   76   0.2221741679E-07
   77   0.1919457063E-07
   78   0.1627882357E-07
   79   0.1355930586E-07
   80   0.1109631501E-07
   81   0.8924308551E-08
   82   0.7056126345E-08
   83   0.5485540687E-08
   84   0.4192863054E-08
   85   0.3149156599E-08
   86   0.2321020529E-08
   87   0.1673812004E-08
   88   0.1174634667E-08
   89   0.7940834465E-09
   90   0.5073251196E-09
   91   0.2952475471E-09
   92   0.1483696192E-09
   93   0.8926754357E-10
   94   0.1270864331E-09
   95   0.1778364660E-09
   96   0.2170400283E-09
   97   0.2437700623E-09
   98   0.2599555384E-09
   99   0.2676707663E-09
  100   0.2687160279E-09
  101   0.2645559110E-09
  102   0.2563728764E-09
  103   0.2451116603E-09
  104   0.2315303241E-09
  105   0.2162557671E-09
  106   0.1998036066E-09
  107   0.1826409690E-09
  108   0.1651844315E-09
  109   0.1477774507E-09
  110   0.1307617882E-09
  111   0.1144192176E-09
  112   0.9898470890E-10
  113   0.8465523677E-10
  114   0.7155581252E-10
  115   0.5977653461E-10
  116   0.4935500000E-10
  117   0.4028117138E-10
  118   0.3251037025E-10
  119   0.2596437220E-10
  120   0.2054236253E-10
  121   0.1612904898E-10
  122   0.1260042717E-10
  123   0.9831131261E-11
  124   0.7697296406E-11
  125   0.6084394084E-11
  126   0.4887569372E-11
  127   0.4014471342E-11
  128   0.3385099286E-11
  129   0.2934402329E-11
  130   0.2608797196E-11
  131   0.2366818358E-11
  132   0.2177442006E-11
  133   0.2017795648E-11
  134   0.1873288682E-11
  135   0.1733977429E-11
  136   0.1595093052E-11
  137   0.1454744003E-11
  138   0.1313355664E-11
  139   0.1172519959E-11
  140   0.1034451268E-11
  141   0.9016693548E-12
  142   0.7762157537E-12
  143   0.6600122546E-12
  144   0.5542281786E-12
  145   0.4596202715E-12
  146   0.3762599321E-12
  147   0.3041515436E-12
  148   0.2426361021E-12
  149   0.1908624346E-12
  150   0.1479634804E-12
  151   0.1127943968E-12
  152   0.8442935659E-13
  153   0.6155913262E-13
  154   0.4364176324E-13
  155   0.2971249399E-13
  156   0.1912212260E-13
  157   0.1142613223E-13
  158   0.6643334734E-14
  159   0.5784339408E-14
  160   0.7278488922E-14
  161   0.8998739165E-14
  162   0.1045551486E-13
  163   0.1134704289E-13
  164   0.1191373653E-13
  165   0.1210477446E-13
  166   0.1208539771E-13
  167   0.1187396672E-13
  168   0.1152132417E-13
  169   0.1093748305E-13
  170   0.1031491960E-13
  171   0.9576261467E-14
  172   0.8867862564E-14
  173   0.8102004626E-14
  174   0.7306408951E-14
  175   0.6533444529E-14
  176   0.5807969116E-14
  177   0.5016104608E-14
  178   0.4392036513E-14
  179   0.3753926616E-14
  180   0.3208846590E-14
  181   0.2699059116E-14
  182   0.2322927241E-14
  183   0.1903274575E-14
  184   0.1604002680E-14
  185   0.1300985818E-14
  186   0.1109030696E-14
  187   0.9703109422E-15
  188   0.7806112124E-15
  189   0.6408098815E-15
  190   0.5341285466E-15
  191   0.4784648115E-15
  192   0.3239689767E-15
  193   0.3623000782E-15
  194   0.2845358812E-15
  195   0.2793762126E-15
  196   0.2576283537E-15
  197   0.2653495412E-15
  198   0.2632293087E-15
  199   0.2090099600E-15
  200   0.2094632909E-15
  201   0.2515952254E-15
  202   0.1665792051E-15
  203   0.2664966793E-15
  204   0.2692016844E-15
  205   0.1553879200E-15
  206   0.2890294517E-15
  207   0.2058591806E-15
  208   0.1874445254E-15
  209   0.2409454114E-15
  210   0.2136721686E-15
  211   0.2066509378E-15
  212   0.1930845397E-15
  213   0.2436719994E-15
  214   0.2391160484E-15
  215   0.1553692333E-15
  216   0.1872975159E-15
  217   0.2366076853E-15
  218   0.2377246277E-15
  219   0.1907129062E-15
  220   0.2140371969E-15
  221   0.1736824633E-15
  222   0.3088963317E-15
  223   0.1976221473E-15
  224   0.2180302692E-15
  225   0.2913433370E-15
  226   0.2216333951E-15
  227   0.1630747074E-15
  228   0.2442255379E-15
  229   0.2173279031E-15
  230   0.3008883768E-15
  231   0.1398353588E-15
  232   0.2171499426E-15
  233   0.2861247655E-15
  234   0.2123050420E-15
  235   0.1408641570E-15
  236   0.1890674103E-15
  237   0.3027365611E-15
  238   0.3107288821E-15
  239   0.2509448351E-15
  240   0.2179506265E-15
  241   0.2176527753E-15
  242   0.1802354712E-15
  243   0.1953838857E-15
  244   0.2087827850E-15
  245   0.1814251603E-15
  246   0.2721026262E-15
  247   0.3044729367E-15
  248   0.2445550208E-15
  249   0.1875956423E-15
  250   0.1962830060E-15
  251   0.2437914556E-15
  252   0.2717318020E-15
  253   0.2117075443E-15
  254   0.2042994484E-15
  255   0.2530371878E-15
  256   0.3373632595E-15
  257   0.1788049682E-15
  258   0.2141098272E-15
  259   0.1414534421E-15
  260   0.2603537253E-15
  261   0.2329959861E-15
  262   0.1662717090E-15
  263   0.2223768975E-15
  264   0.2574218852E-15
  265   0.2587871048E-15
  266   0.1905451407E-15
  267   0.3058428935E-15
  268   0.2395576184E-15
  269   0.1856074549E-15
  270   0.1824713129E-15
  271   0.2295680905E-15
  272   0.2800507839E-15
  273   0.2860257116E-15
  274   0.1468059121E-15
  275   0.1947401209E-15
  276   0.2380385318E-15
  277   0.2379667486E-15
  278   0.2279278134E-15
  279   0.2320322402E-15
  280   0.1907966506E-15
  281   0.2794025948E-15
  282   0.3021212999E-15
  283   0.2021645861E-15
  284   0.2263793350E-15
  285   0.1638963658E-15
  286   0.2379601798E-15
  287   0.2708141838E-15
  288   0.1723897081E-15
  289   0.2592096091E-15
  290   0.1653919266E-15
  291   0.2150996123E-15
  292   0.1301520064E-15
  293   0.2385568961E-15
  294   0.2166278626E-15
  295   0.2044425982E-15
  296   0.2500045478E-15
  297   0.1637015248E-15
  298   0.2094503737E-15
  299   0.2029746500E-15
  300   0.2344694674E-15
  301   0.2014152480E-15
  302   0.2195788479E-15
  303   0.2049166724E-15
  304   0.2723793980E-15
  305   0.3015868167E-15
  306   0.2092948668E-15
  307   0.1871936734E-15
  308   0.1999321704E-15
  309   0.1958735457E-15
  310   0.2075440643E-15
  311   0.2394951131E-15
  312   0.1930193763E-15
  313   0.2261297500E-15
  314   0.1769476118E-15
  315   0.1958412674E-15
  316   0.1951835850E-15
  317   0.1626247398E-15
  318   0.2202319601E-15
  319   0.2190409783E-15
  320   0.2381024270E-15
  321   0.1680131157E-15
  322   0.2484605821E-15
  323   0.2115549994E-15
  324   0.2115164565E-15
  325   0.2563836954E-15
  326   0.2129906399E-15
  327   0.1953114920E-15
  328   0.2214328062E-15
  329   0.1894844679E-15
  330   0.3025659270E-15
  331   0.3056921618E-15
  332   0.2347539999E-15
  333   0.2838111068E-15
  334   0.1866226547E-15
  335   0.2046937624E-15
  336   0.1893355417E-15
  337   0.2327082201E-15
  338   0.2331919485E-15
  339   0.1885773938E-15
  340   0.1534034199E-15
  341   0.1611519639E-15
  342   0.1337876901E-15
  343   0.3099243007E-15
  344   0.1956730976E-15
  345   0.2329974706E-15
  346   0.1571784917E-15
  347   0.2237152235E-15
  348   0.2544166924E-15
  349   0.2152722745E-15
  350   0.1685252499E-15
  351   0.2132541713E-15
  352   0.2823778024E-15
  353   0.1775661650E-15
  354   0.1817853961E-15
  355   0.2271116893E-15
  356   0.2313279933E-15
  357   0.1935064236E-15
  358   0.2105381974E-15
  359   0.1647881741E-15
  360   0.2361206245E-15
  361   0.2045325543E-15
  362   0.1993460482E-15
  363   0.2568442030E-15
  364   0.1836392254E-15
  365   0.2089693272E-15
  366   0.2922329132E-15
  367   0.2342288864E-15
  368   0.2120685098E-15
  369   0.2032407347E-15
  370   0.1825654879E-15
  371   0.2186221603E-15
  372   0.2546946394E-15
  373   0.2460770546E-15
  374   0.2271495229E-15
  375   0.2306049384E-15
  376   0.2806679263E-15
  377   0.1972550219E-15
  378   0.2100091686E-15
  379   0.2097522689E-15
  380   0.2231634580E-15
  381   0.2327039652E-15
  382   0.2109944222E-15
  383   0.1526892095E-15
  384   0.2507495773E-15
  385   0.2667867155E-15
  386   0.1859479626E-15
  387   0.1822606893E-15
  388   0.1784026464E-15
  389   0.2289530328E-15
  390   0.1961614119E-15
  391   0.2308790950E-15
  392   0.2854482751E-15
  393   0.2104588625E-15
  394   0.1760078505E-15
  395   0.2372565667E-15
  396   0.1605626597E-15
  397   0.2359257460E-15
  398   0.2854633117E-15
  399   0.2139065198E-15
  400   0.2408323441E-15
  401   0.2561442881E-15
  402   0.2145507799E-15
  403   0.2850156967E-15
  404   0.1857471394E-15
  405   0.2355529851E-15
  406   0.1955331992E-15
  407   0.2151993762E-15
  408   0.1833141499E-15
  409   0.1961468468E-15
  410   0.2013353012E-15
  411   0.2057152810E-15
  412   0.1882527455E-15
  413   0.2869211702E-15
  414   0.1848224330E-15
  415   0.1614614002E-15
  416   0.1549273404E-15
  417   0.2394387649E-15
  418   0.1909682466E-15
  419   0.2030842941E-15
  420   0.3517918225E-15
  421   0.2647711570E-15
  422   0.2163625252E-15
  423   0.2657236836E-15
  424   0.2315495760E-15
  425   0.2331654468E-15
  426   0.2919807953E-15
  427   0.2188015307E-15
  428   0.2025711663E-15
  429   0.2719013350E-15
  430   0.2155619799E-15
  431   0.1685391713E-15
  432   0.2272845141E-15
  433   0.2090433866E-15
  434   0.2390271976E-15
  435   0.1438553591E-15
  436   0.2294040800E-15
  437   0.2208943186E-15
  438   0.1823964057E-15
  439   0.2927716880E-15
  440   0.1779881771E-15
  441   0.1777989878E-15
  442   0.2486258029E-15
  443   0.2600911794E-15
  444   0.1872424079E-15
  445   0.2149321715E-15
  446   0.2251685293E-15
  447   0.1885828949E-15
  448   0.1686634764E-15
  449   0.2192460313E-15
  450   0.2487909678E-15
  451   0.2729554240E-15
  452   0.3061629387E-15
  453   0.1614504794E-15
  454   0.2133548835E-15
  455   0.2114663455E-15
  456   0.2138386085E-15
  457   0.1727019684E-15
  458   0.1493440128E-15
  459   0.1824017459E-15
  460   0.2508825760E-15
  461   0.1738565949E-15
  462   0.2777836152E-15
  463   0.2013494965E-15
  464   0.1856421647E-15
  465   0.1549856140E-15
  466   0.1741622518E-15
  467   0.2789048216E-15
  468   0.2822140303E-15
  469   0.3064517581E-15
  470   0.2054735049E-15
  471   0.2206275807E-15
  472   0.1935460681E-15
  473   0.2059716587E-15
  474   0.2407087544E-15
  475   0.2792234385E-15
  476   0.2670848647E-15
  477   0.2158126422E-15
  478   0.2696569157E-15
  479   0.1665199800E-15
  480   0.2071996925E-15
  481   0.3017554188E-15
  482   0.1692852571E-15
  483   0.2202417406E-15
  484   0.2127525214E-15
  485   0.2024474876E-15
  486   0.1711853062E-15
  487   0.2144950632E-15
  488   0.2533755099E-15
  489   0.1913598058E-15
  490   0.2055690404E-15
  491   0.2193525723E-15
  492   0.2423963549E-15
  493   0.2556331340E-15
  494   0.2307088819E-15
  495   0.3562000913E-15
  496   0.2223135816E-15
  497   0.2832059387E-15
  498   0.2628992081E-15
  499   0.1986673046E-15
  500   0.2215045024E-15
 
